Object,Band,mag_5kpc,e_5kpc,magerr_5kpc,zerr_5kpc,npix_5kpc,mag_10kpc,e_10kpc,magerr_10kpc,zerr_10kpc,npix_10kpc,mag_15kpc,e_15kpc,magerr_15kpc,zerr_15kpc,npix_15kpc,mag_30kpc,e_30kpc,magerr_30kpc,zerr_30kpc,npix_30kpc
SN2008hj,FUV,20.472610680087058,0.8103139021595297,0.8098731995907781,0.02672116422612575,46,19.25704509131145,0.14880225755468643,0.14853268976811887,0.008952760670261892,171,18.518625151328017,0.25902147344560394,0.2588774217669041,0.00863737258963401,367,17.288118377674962,1.017481791747958,1.0172908888146648,0.019708984583281422,1443
SN2008hj,NUV,20.255687576047194,0.08768722982898394,0.08567032724801694,0.018698804889584163,46,18.916302801744,0.6155972216569994,0.6155073451867229,0.01051890360299478,171,18.13018279000955,1.0220337149345933,1.0219778812603917,0.010682915216669048,367,16.912755176357884,1.7272443741736896,1.7271646767167315,0.016592396350413416,1443
SN2006ej,FUV,-99,-99,-99,-99,136,-99,-99,-99,-99,528,-99,-99,-99,-99,1173,-99,-99,-99,-99,4654
SN2006ej,NUV,-99,-99,-99,-99,136,-99,-99,-99,-99,528,-99,-99,-99,-99,1173,nan,0.7635732644177422,0.7594122689874951,0.07960612944259725,4654
SN2006gt,FUV,25.54769919594968,2.486591487784278,2.486591487784278,0.0,33,nan,1.966893132710135,1.9563082539159973,0.20378079193690088,121,23.060120990846848,1.2855387075458242,1.2855137745028375,0.008006507481797058,262,21.870798292584382,0.5388691552743385,0.5386857104625615,0.014059582124820677,1027
SN2006gt,NUV,nan,1.7207406860833245,1.7207406860833245,0.0,33,nan,1.1099358523183924,1.1096855775901395,0.02356936889682911,121,23.146964290930335,0.555942041353141,0.5559235504270554,0.004534250155713767,262,21.27605514637704,0.23775065826266015,0.2357159407171723,0.031038215092796785,1027
SN2007mm,FUV,nan,4.180593924848067,4.180593924848067,0.0,16,nan,1.9907307979789481,1.9907307979789481,0.0,61,24.616235399413927,1.621109725714973,1.6209520109171058,0.02261241056291701,132,23.396325135336212,0.8600492334801129,0.8600384978073449,0.00429724318783095,505
SN2007mm,NUV,25.15238871678998,1.8503708042456133,1.8503708042456133,0.0,16,23.57081990458969,1.1304154260855046,1.1304154260855046,0.0,61,22.43420664311739,0.6306988721236935,0.6306381684114309,0.00875030518180802,132,21.58901825940128,0.00736107229153691,0.00718282855750861,0.0016100804932273525,505
SN2005ir,FUV,-99,-99,-99,-99,15,-99,-99,-99,-99,46,-99,-99,-99,-99,105,-99,-99,-99,-99,395
SN2005ir,NUV,-99,-99,-99,-99,15,23.886911235631842,0.4214098966135317,0.4214098966135317,0.0,46,23.32132252986118,0.40544593541259466,0.40544593541259466,0.0,105,23.882324463885844,0.08533404205618465,0.06801764355307699,0.051531533056306936,395
SN2005hj,FUV,23.28437633458407,2.02715108744783,2.02715108744783,0.0,24,22.66308813361169,1.5148169417827675,1.5148169417827675,0.0,78,22.640140857215307,1.1981571145691199,1.1981273884589791,0.0084399180722173,173,22.60214966169878,0.6357293235146115,0.6356569679528062,0.009591239199953857,656
SN2005hj,NUV,23.190964133237664,1.44535852082667,1.44535852082667,0.0,24,22.673036415087537,1.073202612942936,1.073202612942936,0.0,78,22.2235515230624,0.7524964134319821,0.7524941312906157,0.0018532677027787916,173,22.268317787300184,0.24472683360168604,0.24470857677843727,0.0029892366549017844,656
SN2007ol,FUV,25.881579418622387,2.8775527808854235,2.8775527808854235,0.0,24,24.412248851534365,2.0880585843416015,2.087204233419223,0.059725535908239584,84,24.075043954005277,1.6836282073718754,1.6836282073718754,0.0,175,22.287337674039108,0.8740904603794698,0.8740900177391548,0.0008796676403875349,686
SN2007ol,NUV,24.387016808682166,2.097284469192519,2.097284469192519,0.0,24,23.182633048575802,1.369489942186583,1.3688166947769584,0.042936672554976754,84,22.180633912037354,0.9144981274403029,0.9144981274403029,0.0,175,19.465302355006802,0.4075405002172823,0.4075396498289457,0.0008325470875389969,686
SN2006fw,FUV,24.403588456904405,2.4781853303241395,2.4781853303241395,0.0,11,23.382145390432648,1.70775390173364,1.70775390173364,0.0,42,22.585599958705853,1.1529079467692018,1.1529079467692018,0.0,90,21.74922033584115,0.503659175716431,0.5036160883710359,0.006587929660503281,334
SN2006fw,NUV,24.155336878121087,1.9195784338760036,1.9195784338760036,0.0,11,23.175795002710856,1.176652967341693,1.176652967341693,0.0,42,22.51554180742657,0.8182232247228994,0.8182232247228994,0.0,90,21.614118795022787,0.0876934541682047,0.0869934207559936,0.011058329400125503,334
SN2006ob,FUV,23.660819645900972,2.343974153075846,2.343974153075846,0.0,20,21.585501556297643,1.3647820311679502,1.3647820311679502,0.0,73,20.80512304351503,0.963761049080938,0.9636993882295096,0.010901782040521306,159,19.821445897023906,0.3951482822065878,0.39501006243588876,0.010450622240441904,621
SN2006ob,NUV,22.51724272130991,1.2186213606549556,1.2186213606549556,0.0,20,20.97975365968972,0.44987682984485994,0.44987682984485994,0.0,73,20.21667635591842,0.06630262876770497,0.06589132863524713,0.007373695965386644,159,19.31277463902683,0.4269698199162427,0.4269136650409243,0.0069245736788781116,621
SN2005hc,FUV,21.72380915256549,1.439787100337281,1.4392638316288324,0.03881387976907178,33,20.624321421108792,0.8886970924904043,0.8883175055407461,0.02597174523910147,119,20.042748978911654,0.5640482627360146,0.5593357711027579,0.07275945203476578,258,19.57400658965951,0.08446790029103406,0.08175878510025647,0.021220915119432332,1003
SN2005hc,NUV,21.246170649408832,0.5744761181245944,0.5737726690009977,0.028420672106312286,33,20.178568665315822,0.038062297967234024,0.024558231518250383,0.02907974881670268,119,19.625889570391223,0.28573463430702456,0.28070695486967745,0.0533655950061642,258,19.101590639252684,0.7421678424232685,0.7416778924283021,0.02696312686469234,1003
SN2006ef,FUV,21.94976246490358,0.9014465454389792,0.9011277091993726,0.023973443577435822,180,20.57139747394796,0.12357689450201366,0.12350097795965201,0.004330969610994855,699,20.00573518165005,0.2544029167026109,0.25400284083385366,0.014261867869517891,1546,19.283150141373635,0.9206401224822369,0.9206395587495203,0.0010188177446421962,6101
SN2006ef,NUV,21.06424574066311,0.4198500490096129,0.41916454214795007,0.02398229053434586,180,19.399651934727608,0.47362901801559726,0.4732170267117663,0.019750755339844175,699,18.758889644404135,0.8199785592194282,0.8198836448809927,0.012475834089450388,1546,18.15708062804371,1.3252768517890878,1.3252742222775857,0.002640010328807889,6101
SN2007hx,FUV,25.245548641457887,2.720358658936944,2.720351129021708,0.006400631494406751,15,23.879300032784815,2.1273439613711735,2.127015193048474,0.03739917811073506,46,22.814684693714373,1.6236899006016197,1.6232738525077015,0.03675449741871645,95,21.916789050681718,1.004172618074594,1.0041675951533735,0.003176119436497626,367
SN2007hx,NUV,24.60485936952067,2.1019451799327484,2.100551338909045,0.0765350380540354,15,23.26671807641278,1.3981838677557106,1.3978684971094117,0.02969499690845026,46,22.244320868519395,0.9158159674405227,0.9154150026012611,0.027097218151569773,95,21.267142312272405,0.25148264629281825,0.2514344682658576,0.004922352517262218,367
LSQ13dhj,FUV,24.261965551660438,2.441984289475254,2.441984289475254,0.0,9,23.02099132255448,1.6008718567830802,1.6008718567830802,0.0,35,22.956694064557706,1.2982388974131,1.2982388974131,0.0,73,23.215090821706937,0.6820472166811709,0.6818639718847472,0.015809162788983644,276
LSQ13dhj,NUV,23.750329476089654,1.835164738044828,1.835164738044828,0.0,9,22.844277891486428,1.275409122425549,1.275409122425549,0.0,35,22.684128162155844,0.9721140648336148,0.9721140648336148,0.0,73,21.9820388490789,0.3622726187846421,0.3621175610761723,0.010598220667981087,276
LSQ12gzm,FUV,23.595925914230644,2.138535324085012,2.138535324085012,0.0,9,23.085408676846424,1.5583528024235427,1.5583528024235427,0.0,31,22.798063510943457,1.2982391581861337,1.2982034438725227,0.009629650324030233,65,21.519387286582283,0.5159556481386837,0.5149426905195049,0.0323149551561272,245
LSQ12gzm,NUV,23.43841479812921,1.6147337936155117,1.6147337936155117,0.0,9,22.702555617441124,0.9496969581605186,0.9496969581605186,0.0,31,22.484879404361468,0.7745267990363116,0.7745192162613568,0.003427253613123081,65,21.164450703624706,0.08194257906941822,0.08036549794009956,0.015999156396126313,245
SN2005gj,FUV,25.101467746869243,2.6981802222283835,2.6981802222283835,0.0,20,24.308042426585928,2.112628479808677,2.1126052576328385,0.009905509618977817,71,23.921477592231806,1.6717048138935278,1.670094962070787,0.07334713668965549,151,23.0418741275203,0.9265805306206506,0.9265430473796156,0.008334331271431855,577
SN2005gj,NUV,24.973861437295056,2.228406863859505,2.228406863859505,0.0,20,23.768356499251322,1.5720785320681492,1.571985493114447,0.01710322856292166,71,22.756410050653802,1.006645316882944,1.0064936501195834,0.017473587820493967,151,21.53691314933215,0.28702804210641614,0.28702220829666353,0.001829999986145419,577
LSQ13dkp,NUV,25.091152748096317,2.0611116226508135,2.060708165105898,0.0407796431096844,16,24.041465834160242,1.3737989673638822,1.3660112926784505,0.14607104779872668,57,22.604625011290892,0.8480689736692147,0.8479201316661235,0.0158881847817516,126,20.803601643999905,0.020633848322070596,0.007532861612791526,0.019209677053525585,475
LSQ13dcy,NUV,23.236382824411372,1.5331168964395414,1.5331168964395414,0.0,13,22.05582211992968,0.8931796426412659,0.8931796426412659,0.0,44,21.40103772418929,0.5181955517837893,0.5181955517837893,0.0,92,20.514042344026326,0.08614950882988416,0.0850702000561413,0.013594077167589787,360
SN2004gs,FUV,24.385089923831888,1.5829436578697884,1.576738968193013,0.14001732097072078,80,22.26518910590199,0.8426914567384375,0.8356785582560494,0.10849073016180029,309,21.34186481462937,0.3925420477135574,0.3845510558558287,0.07880193311918214,680,20.617496461611818,0.32728255709766024,0.3271481070641618,0.009380203874060893,2666
SN2004gs,NUV,22.654399680876324,1.022288414048492,1.012583893595281,0.14052565576862527,80,21.272097365382606,0.22069202639291707,0.21952632461069957,0.022653108314969975,309,20.48888062139126,0.23167222447506533,0.22284267135727204,0.06334953366505473,680,19.604365029190472,0.9023094126675026,0.9021234141710278,0.01831998342744323,2666
CSP12N,NUV,24.901636148399092,2.3142647673550383,2.3142647673550383,0.0,9,24.83130010125827,1.6680856140649067,1.6674955718441935,0.044363653256948576,33,24.355781918823673,1.3196695605886024,1.3196695605886024,0.0,69,23.558232105157533,0.746376116976659,0.6519543245006533,0.3633632710636179,258
SN2006br,NUV,20.043146741254404,0.0444354769265982,0.021894421037786833,0.038667117000293134,99,18.74031654488358,0.7047371475276175,0.7042271125600323,0.02680710802609075,377,18.121778544342167,1.0753866320880616,1.0753866116729351,0.00020954309237944575,833,17.32392445509148,1.681234645092383,1.681234609792217,0.0003445224556664946,3277
SN2011jt,FUV,24.177406499172683,1.9452138103261853,1.945106316115873,0.020449618330263715,78,21.929627887960304,0.9640039697007701,0.9619918124643821,0.062252761788824384,297,20.68123954719771,0.43070608019640316,0.4266714037731857,0.05881531025481063,658,19.49811304065878,0.3408485430854786,0.3355001722363167,0.06014452388119137,2594
SN2011jt,NUV,23.441187012692996,1.1239840656399533,1.1239686714366235,0.0058826389920278496,78,21.168521010523484,0.09685040316299555,0.08387511395547691,0.04842484746274935,297,20.00791719180536,0.49546516311594735,0.4912304718859494,0.06464016825643137,658,18.506109180360273,1.2987946017759724,1.2976614829888904,0.05424106534241949,2594
SN2005be,NUV,21.72865892425446,0.7535519534621624,0.7535519534621624,0.0,56,21.066102928725545,0.28484374996946515,0.28484374996946515,0.0,204,20.87452596112031,0.005068440992376603,0.004129813587525507,0.002938321600079411,460,20.25667243754177,0.6396611885333189,0.6396205164907038,0.007213251695546855,1790
SN2007ba,FUV,24.22228050185479,2.0171934908570504,2.0171934908570504,0.0,44,22.349298929686427,1.0682523155296626,1.0674130808474311,0.04233585324853538,167,21.7996332010636,0.7178465787692864,0.7110602299808133,0.09847365124946938,360,20.771786470386,0.043398543799077614,0.018121565708261716,0.03943402667952654,1420
SN2007ba,NUV,23.047171256698494,1.2560273569539329,1.2560273569539329,0.0,44,21.456528946881605,0.43465056949690556,0.4294523165195618,0.06702108175765631,167,20.896643861996303,0.11628089875809948,0.06993536944794457,0.09289936230228324,360,19.878244762741623,0.580385669723331,0.5775591922405998,0.0572093093699388,1420
LSQ14bbv,NUV,21.87760170546541,0.8988008527327057,0.8988008527327057,0.0,20,20.546359039233298,0.23578484430278085,0.23566773342868408,0.007430492814969139,74,19.900152447636557,0.09843616043716796,0.09643229495932093,0.0197608241348988,165,19.153713371883935,0.6292243637467464,0.6289577172144685,0.018316383072607207,636
SN2006eq,FUV,24.066163875806495,2.235219271339852,2.235219271339852,0.0,29,22.67352020000603,1.4474350937152805,1.4469200899348686,0.03860833927320114,105,22.503358717120715,1.0886172204458047,1.088607372018473,0.004630576441827346,223,21.217036286524184,0.3820811907219591,0.38208063821901794,0.000649770465655717,861
SN2006eq,NUV,23.233471495640135,1.3367292850286479,1.3367292850286479,0.0,29,21.955052061781508,0.6288350545546144,0.6280801722760982,0.030802971128312408,105,21.665911726416336,0.3378443466769462,0.33759129912809704,0.013073535657055201,223,20.633474857571343,0.31770611837555407,0.3173436966157877,0.0151708889485242,861
SN2004ey,FUV,19.621463840147307,0.37424396252247577,0.3726632007646218,0.0343610576145646,229,18.74108964699247,0.14124537553597977,0.13582664833057037,0.03874761558578173,881,18.33921828966261,0.43493226371457105,0.4348524118547109,0.008333902088580415,1962,17.67510796235338,1.0147930511633696,1.014793044789836,0.00011373493546031138,7769
SN2004ey,NUV,19.234617317465347,0.42393435668516877,0.42247663945757513,0.0351258863333293,229,18.3157419647751,0.9057728446247869,0.9048945566899442,0.03987840684616006,881,17.89180034778874,1.1797582676452303,1.1797018700604125,0.011535504030621592,1962,17.141968604191806,1.7435748291723259,1.7435714503806636,0.0034325414453512536,7769
SN2008go,NUV,25.268537921184436,2.0570138154925273,2.0570138154925273,0.0,20,23.84127177833213,1.2234802193009737,1.2234802193009737,0.0,69,22.331949646684446,0.7064470671620723,0.7059129491919967,0.027465739839862495,148,21.172390467900183,0.013945000993155186,0.006893567743934621,0.012121954316812254,564
SN2006py,FUV,24.062055739698206,2.3661875807567303,2.3661091568692005,0.01926460762923479,22,23.602140615591324,1.8264457965293908,1.826402109295438,0.01263260943179004,76,23.685787611722834,1.3947801420657366,1.3942294240642124,0.03919129717795517,169,nan,0.7200208218853187,0.7171524537321207,0.06420546748064625,650
SN2006py,NUV,24.521548480749942,1.8625347631555813,1.8614137819421148,0.06461018773359482,22,23.861374820564375,1.257172582855569,1.2571398102331532,0.009077478212267889,76,23.390776230507228,0.8417569115270169,0.8414285307050153,0.023510121630931347,169,22.62045942094102,0.1865401446499854,0.1796481707936075,0.050237041080743394,650
SN2004ef,NUV,20.817503432671415,0.3629091019296183,0.3623959909420643,0.019291501042721676,63,19.311116389475984,0.38457464970008304,0.3843677593975239,0.012612958719855018,241,18.475094760179726,0.7959446457790996,0.7959094490191803,0.007485192475910123,532,17.621782107642943,1.2960193886084397,1.2959684947494448,0.011485480653954437,2097
SN2005ku,FUV,21.647042575451216,1.2196267270753556,1.2196267270753556,0.0,33,20.942412165894776,0.7554430263870028,0.7552627126208429,0.016504576376263336,121,20.516799541392224,0.46940439886661484,0.46938971057815915,0.003713391802651618,262,19.708870662226335,0.10410083929174328,0.10395231013184356,0.005558953093737961,1017
SN2005ku,NUV,20.705215140129976,0.3126075700649895,0.3126075700649895,0.0,33,20.07808514333981,0.10846151755211435,0.10743902589461006,0.014857876851182852,121,19.726384760266374,0.4386231615401035,0.43860701650780903,0.0037633641272457204,262,19.080586087511215,0.9120733409853632,0.9120508147479804,0.006410199197187729,1017
SN2012gm,FUV,18.341314042209156,0.2542940528431848,0.2286269439051576,0.11133366890568364,262,17.418414416101704,0.8331400219342693,0.8325840045754941,0.030433065466171045,1013,17.267730949038828,1.0242676253121616,1.0242638295285857,0.002788508929707323,2253,17.21749683588322,1.2239621471854798,1.2239620217716654,0.0005540789720425991,8923
SN2012gm,NUV,17.972161990973724,1.0109585897135447,1.0046400878868365,0.11285195579310484,262,17.00600066967441,1.6362357506332657,1.6359404064012695,0.0310872699678724,1013,16.81009809816652,1.850726876215945,1.8507255925624326,0.002179766607411101,2253,16.759954145920112,2.061236326380278,2.0612360334436555,0.001098919072712466,8923
ASASSN-14fa,NUV,23.649600221798742,0.9727940115812174,0.9722285501827463,0.033163763022803876,119,22.23556070842073,0.2150428667022354,0.21367949069971068,0.02417663694204894,460,21.864305600533296,0.22454694843816264,0.20278996859254897,0.0964238595531411,1013,20.52871054373381,1.0161383735383427,1.0127717273885677,0.0826475793930193,3992
ASASSN-14lt,FUV,nan,2.0149771882052994,2.0149771882052994,0.0,61,nan,1.3365922999172086,1.3362067688726391,0.03210057658228513,233,23.300781406548268,0.7720040223428611,0.7716577003846768,0.02312150407281291,511,22.340273436765223,0.05971512576947415,0.05144214279409921,0.03032494337036134,2006
ASASSN-14lt,NUV,23.195841595180326,1.0772262603859621,1.0772262603859621,0.0,61,22.206622547878215,0.45383638598684595,0.45246001865855157,0.03531850451398831,233,21.428553368012775,0.025295183781524407,0.015351976980193728,0.020103808727221246,511,20.544620174435746,0.6642203227626082,0.6641469082368257,0.009875294948962292,2006
ASASSN-13dd,FUV,22.422186102669265,1.1590093170999227,1.1582149646108557,0.042903296795273764,354,22.228531166673733,0.5326861930438572,0.5311757297899181,0.04008646082788332,1368,21.49146709344088,0.10582199823637552,0.09153097817386252,0.05310720615204085,3069,20.72590365240384,0.6433354607044476,0.6426413351448652,0.029876903504694498,12152
ASASSN-13dd,NUV,20.352562744255323,0.06719205919234765,0.06056220450173093,0.029103130491383092,354,19.866216151932708,0.40275033984738234,0.40212730359347726,0.02239348011858224,1368,19.50806585882919,0.7208422093803415,0.7207676772571681,0.010365628087040673,3069,18.679906727883406,1.3810391066017809,1.3809229211908636,0.017913673356880988,12152
SN2008hv,FUV,23.679400881090245,1.2151494469162258,1.2127185846621378,0.07682325660808116,358,21.990459490458477,0.4828437424807948,0.47948668628442553,0.05683834382563392,1394,21.7141279743746,0.08745355929387064,0.07802055927194232,0.03950844674319509,3106,20.61142020041317,0.6585441428061973,0.6547375809087065,0.07070423021407068,12327
SN2008hv,NUV,22.51247346987045,0.6154165630331301,0.6144784415737619,0.03396749764983403,358,20.31492391562851,0.33668816613753777,0.33058127351214633,0.06383527880526364,1394,19.523075519187014,0.734507901304726,0.7327366573927299,0.05097889751654525,3106,18.728512473542764,1.369724692826816,1.3694131159527223,0.029213900735292807,12327
ASASSN-14ad,NUV,20.8197274833852,0.282581977659046,0.2586255864404423,0.11386562315306104,88,19.644756180832943,0.43819975744165524,0.43502790071724756,0.052628443065229416,328,18.85337507573803,0.8938775587458291,0.8922359848717709,0.054148290178952924,727,17.920418254893676,1.4912235148163895,1.4911908795633986,0.009865690461594752,2852
ASASSN-14fd,NUV,19.32439619221905,0.5025867944609914,0.5013863837628498,0.03471570456993684,227,18.698186699049746,1.146177631981718,1.1451071314727086,0.04952596799219232,871,18.438409382844796,1.5051547429665462,1.5043479946979177,0.04927383811966916,1950,18.034280702964704,2.097984075261714,2.0979321047420347,0.014766988332256403,7707
ASASSN-14li,NUV,19.368582663187798,0.44144130906192647,0.44090649318335307,0.02172311246265451,134,19.041053983566933,0.7521882022742308,0.7521273642361719,0.009566588090225524,526,18.950236793243363,0.9017023029991453,0.9016891348137,0.004873129680564842,1165,18.568892254572123,1.3075963968948754,1.3075912926501796,0.0036535678305970403,4602
ASASSN-14bf,NUV,19.177543783593553,0.45678423650595973,0.4565725026158884,0.013906422091866117,113,18.727187838236183,0.8309876792392111,0.8309369318339982,0.009183591980885798,442,18.588209827224922,1.0209130265320934,1.0209055634584678,0.0039036191498583784,983,18.42760119394939,1.430780525844423,1.4307773320338097,0.0030231231957392555,3893
ASASSN-14lu,FUV,23.201469350097092,1.7793740242747165,1.779326864548765,0.012954819900712428,84,22.53069518222401,1.147184634617291,1.1462996969961683,0.04505097744222556,315,22.270524895080946,0.7764309983608968,0.7764008206368701,0.006845504371021562,684,21.30055521331341,0.05346353099240772,0.05058840759130336,0.017296304910364557,2688
ASASSN-14lu,NUV,20.86467187551192,0.38238571008282435,0.3823085641720937,0.007680692430887292,84,20.25191786021065,0.04756345051129014,0.033846401461030816,0.03341710539048344,315,19.85900493712586,0.3275277104964035,0.3275170822858032,0.002638551498517807,684,19.421032315915024,0.7769835518578755,0.7768251065886729,0.015690558663630217,2688
ASASSN-13cp,NUV,19.623656336933507,0.23578011663250645,0.23489433138713678,0.020418532793232688,109,18.43302492793266,0.8355997773428375,0.8354226938176723,0.01720205074470748,407,18.045698395040585,1.062157629042019,1.062012067195905,0.017584028618137505,908,17.696813265612544,1.3636762175515218,1.363656866071892,0.00726484209130162,3557
ASASSN-14co,FUV,20.59980246595684,0.8623746076018227,0.8622645120124274,0.01377951959859872,57,19.64692316964348,0.30906356803607665,0.30741966892993877,0.03183451338088002,209,19.10943426110123,0.054889228930169585,0.03863474674034999,0.03898953445294752,473,18.445410913651028,0.5356152018238619,0.5347109417355485,0.031110339327934746,1825
ASASSN-14co,NUV,20.125437550944824,0.02269534061328999,0.01826517999635169,0.01347077151666244,57,19.210749419757825,0.5277315604980654,0.5272751903843279,0.021942505574659283,209,18.658700778762135,0.901381048913534,0.9006716417053795,0.035754568494099206,473,17.98330355686033,1.4324018492723587,1.432095674580999,0.02961480449482274,1825
SN2008dh,NUV,22.00016181377964,0.8188493848797476,0.818482199567578,0.024519463879955922,46,20.800123457348665,0.18388446621895813,0.16508335114395115,0.08099990180064465,169,20.511849281313,0.15043373302196789,0.1453839137042115,0.038650040969850114,366,19.377010296202997,0.8400133081909145,0.8377425328762212,0.061723630385595266,1430
SN2012hd,NUV,17.2172000570525,1.4484567913596076,1.4470997472865808,0.06268490917983405,383,16.247651154666528,1.9795645662032413,1.979211813592539,0.037369355134379646,1489,15.893357240377249,2.2234869363409455,2.223415337402802,0.01784358374397808,3323,15.565620447628113,2.584415423790865,2.584389088623083,0.01166710478511007,13190
SN2010A,FUV,17.880602555857628,0.47496735870330425,0.47403974676231764,0.02967002398231299,134,17.379710060797418,0.8504646615665931,0.8501568405200782,0.022879840263822605,518,17.21251902812417,1.0261495206510798,1.0260189717301476,0.016367907082201674,1153,17.05814327032396,1.2714746074955712,1.271473746409406,0.0014797626994636976,4530
SN2010A,NUV,17.369004532383062,1.3552220050983932,1.355017734098857,0.02352920271722482,134,16.861503191181868,1.6374706668526682,1.637361336221975,0.01892193035370895,518,16.698778314845676,1.8017699783285974,1.8017203117717495,0.01337807741582261,1153,16.568682011717822,2.038978049869492,2.038977813918508,0.0009809167631375793,4530
PTF12iiq,FUV,22.800907972376542,1.6817583900872393,1.6817413283963591,0.007575420283528184,73,22.47050272716077,1.1954763059322497,1.195423385447039,0.011248447526560876,276,22.52282740555599,0.8197004657615652,0.8172341114585393,0.06353944159574201,607,22.02494748449734,0.1416209966548771,0.12567911846238375,0.06527837219201184,2378
PTF12iiq,NUV,21.638279850468503,0.7006235264078302,0.7005803252822487,0.007780333126686665,73,21.02687246086859,0.2512819994895822,0.2504225279939296,0.020765373596733725,276,20.701518654448204,0.051674277602759805,0.0465398932557927,0.022455941340912552,607,20.18616476468357,0.6278876759244851,0.6267325605998995,0.03806876753645531,2378
SN2007rz,NUV,18.073880048542946,1.0655788438864944,1.0643080271757284,0.0520259149634788,338,17.507010364186094,1.5082866694115233,1.5082502204712498,0.010485684190008828,1317,17.157261257713788,1.8083384772501614,1.8081578248454746,0.02556029642854104,2944,16.989963685487723,2.1454791065366434,2.1454790062398525,0.0006560254019877185,11658
SN2012cu,FUV,23.267356510100463,0.572201697092285,0.5721798659139418,0.004998319517064639,4600,23.307751084906748,1.1699892692959695,1.0927533772669107,0.4180489764841884,18242,20.427418408854386,1.469822442893043,1.4590591422158283,0.17755121274855992,40963,18.914407039362757,2.045544558367186,2.0392637864573313,0.16017412247086818,163406
SN2012cu,NUV,nan,0.6064098855191471,0.5570225614209429,0.23970568479574486,4600,20.78779952380652,1.4308069090032154,1.4060798259825604,0.2648545521907982,18242,19.053854215303435,1.9637550037835987,1.9568138206759063,0.164964802600083,40963,17.18069753094076,2.7732815046386072,2.7714117811194,0.10181867924488464,163406
SN2006E,NUV,18.12210721781998,1.5037585056951668,1.4667652758118122,0.3314955039261611,8551,16.725398140404877,2.261916272993743,2.261123902323188,0.059865886585456586,34016,16.34830185192042,2.5863640443750016,2.5858675308837293,0.05067625437125004,76394,14.921717995046476,3.3569617745455105,3.3567662543510544,0.036230779866523836,305046
SN2007af,FUV,16.975555663310825,1.126490302301789,0.9715428007965756,0.5701622465582242,2676,15.535054967890595,1.7477249956617513,1.7247986929367856,0.282156214364357,10572,15.128362025904673,2.043207041989246,2.0373989656649254,0.1539495733736749,23726,14.7355138021146,2.454989341882087,2.454512792776946,0.04836960666532543,94589
SN2007af,NUV,16.564437821567793,1.8716532691105319,1.7932976401429763,0.5358820146541338,2676,15.153028902388522,2.5366218756780525,2.521480152518281,0.2767460580113618,10572,14.755302967922347,2.82712291838998,2.8234421132016614,0.14421729814836384,23726,14.326173309455069,3.221068224371977,3.220112789229023,0.07844826768336852,94589
SN2006cu,NUV,-99,-99,-99,-99,74,-99,-99,-99,-99,285,24.297784871396225,0.7919870008317362,0.6603471654069769,0.4372471047650507,626,20.806089418327044,1.2227525917931208,1.2199483134324378,0.08276480707489517,2463
SN2004dk,NUV,-99,-99,-99,-99,2868,-99,-99,-99,-99,11351,22.105224718021812,4.045806172668568,2.382845449074428,3.2696475578613016,25487,17.996332615789722,3.091684645420308,3.0656132803508647,0.4006609065832448,101603
SN2002ha,FUV,20.602451431064996,0.6407381191536126,0.6401899303549402,0.026498875610972424,293,19.229142974064878,0.07903117820159224,0.07352756661258074,0.028976267460877884,1139,18.42543334379488,0.5158710804461148,0.5148930342234299,0.03175114090598505,2527,17.353509497990753,1.223321684749522,1.2232746068923888,0.010732218348553053,10032
SN2002ha,NUV,19.971353867981467,0.0713649158518574,0.06648216739244552,0.02594364340923502,293,18.640609987781147,0.7763998932939481,0.776163135486857,0.01917241294320669,1139,17.883833873728072,1.2032446304926936,1.2029601362464726,0.026163933407780775,2527,16.69868135395393,1.8884853538372106,1.888414939868608,0.01630786738651816,10032
SN2006cm,FUV,21.452770813933075,1.0263968304306845,1.0258256870404239,0.03423614064403125,209,20.407388073994827,0.3768780012807053,0.3736449797432237,0.049259079995725354,813,19.840218450862395,0.03806228066231692,0.006506523224765498,0.037502031474875755,1815,19.431485542501253,0.6039879801490629,0.6039798653107621,0.0031308886499601166,7185
SN2006cm,NUV,20.842077293893812,0.2656542163682141,0.2647255830477847,0.02219297984093959,209,19.810159707795748,0.34795263503282153,0.3463087185433633,0.033783245657240675,813,18.8291171694518,0.8843121846099238,0.8840133145568005,0.022989117770701173,1815,18.448872928007468,1.3220178374597507,1.3220117994703853,0.003995575406592495,7185
SN2007le,FUV,16.55909220099973,1.1565559659949896,1.156433099693158,0.016857888737256462,1214,15.603280936580859,1.7264277861755268,1.7262317301723247,0.02601758300060703,4785,15.269652059310026,1.9413593315797613,1.9413533572060229,0.0048163032215240275,10719,14.741787836207997,2.366123072920942,2.366109621178644,0.007978519580491722,42673
SN2007le,NUV,16.047569956916846,2.0231851735211452,2.023146851869794,0.012452394353237521,1214,15.165135087746776,2.557295112796641,2.55718364588817,0.02387666508688436,4785,14.831471834016986,2.7683397101519662,2.7683364268342943,0.004263644755939809,10719,14.33793871564073,3.17172083508584,3.171713124532478,0.0069936675673579664,42673
LSQ13crf,FUV,20.505897093206894,0.8023149394114273,0.8023149394114273,0.0,29,19.53489010972412,0.1802921575118323,0.1802921575118323,0.0,105,19.38625023952275,0.07726161602677158,0.07159525352513052,0.029042675216663042,231,18.725636809767682,0.5890206886957212,0.5889695107273287,0.007764479711652377,892
LSQ13crf,NUV,20.363819533790338,0.14190976689517057,0.14190976689517057,0.0,29,19.421329574767327,0.3917989746740142,0.3917989746740142,0.0,105,19.25885842472574,0.5714921111514015,0.571076602534729,0.021788693069502027,231,18.612166474268466,1.0310240406032543,1.031009795808734,0.005419709244337725,892
LSQ12fmx,FUV,24.435805514850863,2.4502067001918864,2.4502067001918864,0.0,16,21.80198169053637,1.304593736442103,1.304593356513981,0.0009956422812158988,61,20.84839981870297,0.8109470422236326,0.8109470422236326,0.0,128,19.957284369955637,0.28448155876043685,0.2844810666433584,0.0005291466951251321,493
LSQ12fmx,NUV,24.132900580967465,1.9864193511955766,1.9864193511955766,0.0,16,21.63735491423058,0.696234521015104,0.6962261315402984,0.00341789607249844,61,20.455659141480393,0.08493370001357996,0.08493370001357996,0.0,128,19.229883368667913,0.5498092948507569,0.5498082328126103,0.0010806644998092678,493
PS15aez,FUV,21.55311467666867,1.3665573383343343,1.3665573383343343,0.0,24,20.495735085262996,0.7649843735975176,0.7648830122115331,0.01245268961301406,92,20.15275102879084,0.4424637925773127,0.44245435134302025,0.002890453169727076,200,19.852798548969083,0.06272116958993824,0.061797033020463216,0.01072715361116698,764
PS15aez,NUV,21.14983688466692,0.5349184423334623,0.5349184423334623,0.0,24,20.206930698218706,0.05468096955893516,0.04832406076305058,0.025588934781936287,92,19.79941361543595,0.21264786505147243,0.2126360658304852,0.0022400935433130515,200,19.387890323885266,0.6449817337802927,0.6449192385545593,0.00897845490269334,764
PS1-14ra,NUV,19.747997036110565,0.17131373569279293,0.170073061625029,0.02058032425665844,76,18.293013991956546,0.893302419781928,0.893258651735045,0.008842753459054472,291,17.95237678362141,1.1136272878779596,1.1135789357316301,0.0103773889408527,646,17.74476080401671,1.5088989951176504,1.50889849765643,0.0012252498618449661,2519
SN2011gf,FUV,nan,2.124825074532228,2.124825074532228,0.0,78,nan,1.2992393037696537,1.2992393037696537,0.0,297,23.733856129293276,0.8573629673938854,0.8525027021938143,0.09116139868767596,664,20.051050551382115,0.17458624314183538,0.17073412462758125,0.03647211238787266,2622
SN2011gf,NUV,24.52405360952256,1.4282102886165293,1.4282102886165293,0.0,78,22.719288259344793,0.6852628775857977,0.6852628775857977,0.0,297,21.76498532025936,0.23554146821672817,0.2349410706941091,0.016807038727794637,664,18.284561832610652,1.1895917660535933,1.1894934652481635,0.015292677804203582,2622
SN2010dl,FUV,25.165250611836584,1.541622558661754,1.541622558661754,0.0,69,nan,1.0234028379939966,1.0074626698032587,0.1799231440561674,258,nan,0.5473188370453391,0.5267339702432532,0.14869174145339117,564,nan,0.21409337178730684,0.16846612496014962,0.13211788896349067,2226
SN2010dl,NUV,24.321696090983473,1.2226624839931328,1.2226624839931328,0.0,69,22.964018974809402,0.5956571511722915,0.5917440832971265,0.06816437211280889,258,22.33896379021692,0.1693445712883488,0.15945959275564248,0.05701071919419452,564,21.059964168414417,0.5814441328112038,0.5780984938418484,0.06228491790440959,2226
SN2017gaw,FUV,21.32303207436739,1.2620665142431025,1.2617096427520793,0.030011060630295933,44,20.100734855204845,0.6316521831306088,0.631318437321673,0.020530736747250092,163,19.32470412388694,0.22980363648759447,0.2295856565058324,0.010006881117930784,358,18.19183373145618,0.4253256247871,0.4251077509782039,0.01361202258264219,1402
SN2017gaw,NUV,20.68912784290117,0.3161282182745719,0.31471277381380125,0.02988177350624532,44,19.43600279411749,0.3279187001454453,0.326829115823866,0.02670960416907088,163,18.738456257384584,0.6787501641409458,0.6787248556740076,0.0058613660232390685,358,17.680697292972635,1.2972519055381182,1.2971129176209022,0.018989085372119095,1402
SN2017fqo,FUV,20.12410031290247,0.4972014957100201,0.4962900241117435,0.030092180104575338,241,19.38642386024195,0.06580777413780682,0.06462316315401186,0.012430201967086465,938,18.869790635400907,0.40842092438304595,0.40838360290985853,0.005521263285221818,2093,17.79878606550857,1.1708411806401098,1.1708221459722268,0.006676285173377959,8282
SN2017fqo,NUV,19.765092460059808,0.23190114358834482,0.22909830864144734,0.035945867289721406,241,18.96728065312614,0.7803347975784877,0.780183513376411,0.015364952570666297,938,18.406153678629437,1.0981466210087614,1.0981174159653855,0.008008869237580655,2093,17.28227116453514,1.8056934078754456,1.8056893277571122,0.0038386024681772613,8282
SN2017fvf,FUV,-99,-99,-99,-99,182,-99,-99,-99,-99,715,-99,-99,-99,-99,1594,24.205502315960086,1.1993327567488592,1.0042774592205723,0.6556110480401394,6312
SN2017fvf,NUV,-99,-99,-99,-99,182,-99,-99,-99,-99,715,-99,-99,-99,-99,1594,21.895404041029995,1.3314660426720015,1.3268023297632232,0.11134361465087789,6312
SN2017dhu,NUV,22.812030718874315,0.8644320560542,0.8644320560542,0.0,37,21.609396162424368,0.18468006925842384,0.1792321223719454,0.0445261079743582,144,21.46026256262282,0.15013246775071537,0.1500275991242699,0.005610470027275407,315,20.27575208435639,0.771155187602619,0.7711551303409824,0.00029717875603239776,1212
SN2017aym,FUV,16.92262321877764,1.0226235247551834,1.0223706181470642,0.02274186738825239,1713,16.61830636816751,1.3830535637431007,1.3828546457033462,0.02345610878138509,6760,16.421765752458963,1.6426763055985645,1.642546018476065,0.020688696512226438,15165,16.01767144388013,2.124886454895179,2.1248168758594512,0.01719564653869155,60398
SN2017aym,NUV,16.214981258969623,1.9419568605591218,1.9417426172568228,0.028845391334911555,1713,15.886034667862232,2.2646995791205895,2.2645581800602668,0.025306773621080463,6760,15.679337450259844,2.4986985402353064,2.498562795707198,0.02604517002979367,15165,15.184979797476377,2.956957102946503,2.9554088370940326,0.09567609049430734,60398
SN2017dch,NUV,22.413111540163086,0.9645078690752441,0.9645078690752441,0.0,29,21.270609135306238,0.34945710625191984,0.34945710625191984,0.0,105,20.571593405191308,0.0293586706456966,0.02340397793586934,0.01772527457784021,231,20.102148797336184,0.47404798790134245,0.47402266829168305,0.004899467210250689,900
SN2017gip,NUV,20.587288905798626,0.23621040362555915,0.23621040362555915,0.0,69,19.690192004598863,0.3235867532021023,0.3058944528125294,0.10553184631380928,258,19.448629449631383,0.608704125718511,0.6086476668740227,0.008290372461204709,564,18.468379065538606,1.1323741877462399,1.1321920678448008,0.02030819005402562,2228
SN2017ffm,FUV,18.282966155008722,0.3409586459896034,0.32524699246564953,0.10230929658204771,103,17.175559191305467,1.0290259591949502,1.025722883591885,0.08238319472462496,387,16.500482672572748,1.5018576611776289,1.4997168238879262,0.0801616029371211,855,15.986568254157538,1.9292606361828055,1.9292270044770157,0.011391554815929853,3362
SN2017ffm,NUV,17.810950300190544,1.115430309618095,1.1121955500784622,0.08488718395839531,103,16.839192716916493,1.6327263324484864,1.631601138897841,0.06060528209614629,387,16.285506959241115,1.9952172452334922,1.9941296991121615,0.06586804077825587,855,15.667407524305005,2.420148003285553,2.420094066520922,0.01615756780197951,3362
SN2017ghw,FUV,24.44655969509839,2.4301233903668313,2.4301233903668313,0.0,15,22.96647493229456,1.6465223374343476,1.6465223374343476,0.0,46,21.939465336620763,1.0843113062422178,1.0843113062422178,0.0,105,20.670920587068355,0.3882168402910964,0.38602938436338613,0.041153730008684816,395
SN2017ghw,NUV,23.76262629054782,1.5655084238615506,1.5655084238615506,0.0,15,22.79771577326254,1.033130850116747,1.033130850116747,0.0,46,21.296804760093046,0.32050375561050004,0.32050375561050004,0.0,105,20.098256341670506,0.3189173629672236,0.31738575657233214,0.03121803848700569,395
SN2008cc,NUV,19.19042138432757,0.6174567787128477,0.6172221714708352,0.01701953651758447,507,18.041900764008016,1.2851380864072417,1.2850442998551825,0.015525738120002736,1974,17.675599390560286,1.5828485944504025,1.582810019978549,0.011050502663653148,4403,16.988456042042202,2.1842945551403536,2.1842766369438786,0.008847424310806604,17495
SN2006bh,NUV,18.388798987821932,0.8720619106090853,0.854995455171028,0.17168211197458783,552,17.157266809535678,1.5030083075334808,1.4975707584778748,0.1277332997564111,2148,16.5539540167958,1.8481776477704774,1.8438991996552534,0.12568356785646784,4805,15.308798979646507,2.5939829224810116,2.5925855338290464,0.08513314221551899,19080
LSQ12gxj,FUV,21.33354394256411,1.185934831194828,1.1847104876755576,0.05387470865487308,52,20.805200202939353,0.5981720395011795,0.5981617119336371,0.003514998950377009,192,20.538399850131974,0.3003374145647176,0.29521229201866533,0.05524730969472889,424,19.905923893587936,0.24896918510631164,0.24843773148972814,0.01625880391475973,1649
LSQ12gxj,NUV,21.078415229249213,0.41840278704600103,0.4177294933630707,0.023726832542367786,52,20.52926272096494,0.1178955285550927,0.11788512199315584,0.0015664181891950491,192,20.19076801409662,0.42937893621702533,0.4257717083865242,0.05554028451930126,424,19.52267702759945,1.0219579722172385,1.0217744489778409,0.019366785856193783,1649
LSQ12gpw,FUV,nan,nan,nan,0.04344500257396281,27,nan,1.3806295296169753,1.3789174397657977,0.06873567021661889,99,nan,0.9199084449079138,0.9198341597120431,0.01169040802264568,217,27.378201835792193,4.244880997087129,0.15732932718891568,4.241964422556806,831
LSQ12gpw,NUV,25.902566434448154,2.0431045280602294,2.0429905608244616,0.021579642313130927,27,23.69305668699459,1.2811333921037626,1.28049892908474,0.040314525622007644,99,23.15587156331063,0.848481906598904,0.847941179541556,0.030286991652950023,217,22.04468805774107,0.11697231938265137,0.06342698418966572,0.09828296484315527,831
LSQ11ot,NUV,21.989671950088937,0.5102976023712236,0.5023556881151646,0.08967946032486375,82,21.018907271166707,0.1510249217865327,0.14885293918166595,0.025521157842221406,311,20.29765426094734,0.575574834205835,0.5754338807300544,0.012737294807922501,682,19.135319070504877,1.2642647535835687,1.264264517455754,0.0007726940473308137,2682
ASASSN-15as,FUV,23.843371920418196,1.6293864287504332,1.6239573475074554,0.13290096941949242,74,22.305678912972837,0.9367830103102048,0.9362032985629605,0.03295136060440594,285,22.151752072098677,0.5106704319138227,0.5095641704304971,0.03359533069534319,628,22.87128104984569,0.1577964013789809,0.156422026740917,0.02078109329222831,2467
ASASSN-15as,NUV,22.96508623637674,0.967768558493759,0.9677617908365165,0.0036192548938596574,74,22.03708489760782,0.3460122500260411,0.3443704658986748,0.03366688855260014,285,21.572252960298812,0.03665797785443212,0.03529884578844916,0.009889328914507799,628,18.289788168802108,1.368068643082898,1.3680659021465198,0.002738534409262405,2467
LSQ14ip,FUV,25.215237029879034,2.5221502719213644,2.5221502719213644,0.0,20,25.888787821432096,1.8624466410011478,1.8624466410011478,0.0,71,24.611661928312856,1.4178674905830762,1.412280295490279,0.12574811259911803,153,21.446217654714275,0.5114319720701722,0.511424537918092,0.0027575479780938567,583
LSQ14ip,NUV,24.57962387783329,1.7896820569527305,1.7896820569527305,0.0,20,23.89567370694785,1.13656241755792,1.13656241755792,0.0,71,23.352240439133304,0.7409847052568248,0.7402168647421405,0.03372427279956117,153,20.672709558125167,0.20403547772911343,0.2040103317061316,0.003203237315858335,583
LSQ14wp,FUV,25.185597243976403,2.932255174324181,2.93192640794232,0.043908379170469275,16,23.963165858290267,2.016827791319578,2.0154668856379625,0.07407815289151091,57,24.452649763315733,1.7329813975748325,1.729076288995518,0.11627429283340046,122,23.345438000766173,1.0696949015012334,1.069664514792413,0.008062759555179582,463
LSQ14wp,NUV,27.50925959025482,2.591792959970664,2.242176860034059,1.3000129521205954,16,23.90230156690499,1.3961826231775132,1.3956529118441345,0.038456038847365814,57,23.756075400233073,1.1117737248295376,1.111265564188772,0.03361043096353776,122,22.13219030865721,0.38001878079330603,0.38001232645955707,0.0022148350786874997,463
LSQ13ry,FUV,22.04653200388867,1.3434974362493037,1.3430308223070662,0.03540581225812767,71,20.842476034439965,0.6583979622464032,0.6554457732073522,0.062279331040341446,262,20.59176801280657,0.4215200571622536,0.4212250029458079,0.015768813632409742,571,20.628848054633533,0.03706931439226602,0.03631813903574244,0.007424745550733819,2243
LSQ13ry,NUV,21.331673182878724,0.5900293350235042,0.5894114761807759,0.02699496128311887,71,20.141211082898444,0.13284588493856622,0.12126470077104297,0.054248516035189265,262,19.904966708846455,0.36418854590065236,0.3640239445622481,0.010948276146173322,571,19.406373522649446,0.8001314020759068,0.8001178624587342,0.004654756967085613,2243
LSQ13lq,FUV,25.68978701823915,1.97562764291792,1.97562764291792,0.0,15,24.361204863145264,1.4282098967521082,1.4272759365634682,0.05164213480814776,48,23.124537411165758,0.9899563737804695,0.9899563737804695,0.0,105,22.70643761222999,0.3033202824450813,0.30311167831843616,0.011247409014736828,399
LSQ13lq,NUV,24.849693497904184,2.165286467472793,2.165286467472793,0.0,15,23.475285039734626,1.5079188960598147,1.507180132202777,0.04719582807272347,48,22.732377876359703,1.0555991802613442,1.0555991802613442,0.0,105,21.809689253027944,0.3522141123886529,0.35219632115645744,0.0035401030471034814,399
LSQ12cda,NUV,nan,2.831186273342636,2.831186273342636,0.0,4,nan,2.5036981281425645,2.5036981281425645,0.0,18,25.479465430188277,1.794549489951891,1.794549489951891,0.0,37,24.42146275564431,1.0947336500089184,1.0947336500089184,0.0,144
SN2017jbj,FUV,20.085149635505086,0.5543320909491491,0.5540309297145973,0.018270084171528103,297,19.439822899743955,0.0453049319821638,0.03876507869786347,0.023447932434586642,1171,19.137888223562467,0.2861713952075398,0.28557601453143494,0.018450131689817004,2616,18.35600236629084,0.9175225770659228,0.9171861466416904,0.02484455341236462,10373
SN2017jbj,NUV,19.798785660584514,0.18799574051126586,0.18715365695870712,0.01777377667694166,297,19.070411386029022,0.666735958434805,0.6658586314296684,0.034192414664469865,1171,18.723176575535483,1.0002555707433205,1.0000362885853311,0.02094345519540563,2616,17.81934433893731,1.6609965932571797,1.6607221458219037,0.030193330201363784,10373
SN2014dw,NUV,16.678174086470136,1.718416631642377,1.7172080114320896,0.06443884991665319,845,15.744465793085528,2.255061114641685,2.2530204339760673,0.09591430996098779,3307,15.213730924449132,2.6082442520890123,2.608230433627024,0.008490209488500152,7390,14.895195646228524,2.9547918455837747,2.9547892465410723,0.003919088365001829,29411
SN2016B,FUV,16.83388376754421,1.4070403498101673,1.407029656840057,0.005485505124344072,2846,16.767173052237684,1.697810141933525,1.6978038888595597,0.004607930738677093,11275,16.69557232728032,1.8928501409768255,1.8928376058392904,0.006888694837978229,25296,16.491466181095895,2.383044343802705,2.383009667210019,0.01285575799623391,100832
SN2016B,NUV,16.543956270401704,1.9697295775057388,1.9697239363749293,0.004714124795708404,2846,16.47517067848937,2.1777382654864827,2.1777372145213105,0.0021394983146624685,11275,16.34365966946015,2.3406214087412995,2.3404475342635913,0.028529255468400287,25296,15.701804242380527,2.827275465118538,2.826500165874414,0.06620700848970859,100832
ASASSN-15fz,NUV,18.216821738885663,0.9403674671458168,0.9386584941823918,0.05666749125807173,198,17.37889412338467,1.3436252077425432,1.3434982568900578,0.018469775704339147,756,17.000812582284105,1.5763375139490752,1.5758640164535962,0.03863365799262704,1687,16.365305990039992,2.0270745388804077,2.0270247749366,0.01420380126735746,6658
SN2016C,NUV,-99,-99,-99,-99,3984,-99,-99,-99,-99,15818,15.86508996731321,4.280307701635702,3.9990249361867876,1.5260516309870271,35493,13.952002600943597,4.5442129833224545,4.542270535988874,0.13285336158225286,141608
SN2016P,FUV,17.999091653179025,0.4284131726769825,0.42524085156554237,0.05203906881344388,268,17.018254723205448,1.0325581533597312,1.0310603703412362,0.05559543849499763,1050,16.49737981071606,1.3867006997344409,1.386658608103656,0.010804407249796536,2346,15.80288482911584,1.956131775253308,1.956114604917756,0.00819601019461222,9309
SN2016P,NUV,17.749361448262707,1.1759064872303528,1.1745104749492878,0.05728185528442715,268,16.69843272774829,1.7477464492532375,1.7466513303151174,0.061860982741386655,1050,16.162045737544926,2.0981216527803657,2.09808721328209,0.012021452824311123,2346,15.404074935476544,2.660727962568829,2.6607170641548743,0.0076154652345741345,9309
SN2018ddr,FUV,18.959791178668805,0.08928216792444787,0.07601643257643391,0.046827422389469464,262,18.212573141581327,0.6202119802675844,0.6201598993178272,0.008037396689279667,1030,17.938707576433885,0.91553630493053,0.915512676854721,0.006577550011320427,2291,17.664646245594486,1.3586963033435573,1.3586961688481152,0.0006045468565581602,9064
SN2018ddr,NUV,18.33165385559328,0.9247290843836908,0.9223712349231911,0.0659938216151076,262,17.554388335022097,1.393551444057552,1.3935391651889348,0.00584998456537962,1030,17.279572246544696,1.6094600123682323,1.6094512490655237,0.005311148065705143,2291,17.01499368007822,1.9826342258070464,1.9826342029058077,0.00030134624468508884,9064
SN2016blz,NUV,19.99287859607616,0.2689075100872507,0.26632182738043986,0.037201253232492744,399,19.72147672915314,0.6419322096336627,0.6419141239075457,0.004818640177967639,1566,18.542782103120814,1.1590193007309149,1.1576639022252744,0.05603596123320729,3497,18.009905077526007,1.7103867242584585,1.7103853960979971,0.0021315098586683957,13859
ASASSN-15lx,NUV,18.436089122732987,0.8255056249291507,0.8230627513592161,0.06346057133894104,352,17.690541597469473,1.2775517768170537,1.2771711238545445,0.031184336461282144,1366,17.45886604901946,1.5212075143663255,1.5211729841644248,0.010249585985441723,3059,16.93157408502294,2.0435191175485485,2.043450138566302,0.016790323992084896,12120
SN2015bf,FUV,17.89808586115376,0.4677052616483118,0.4667820340383567,0.029372512193038217,278,16.630497124201238,1.103643603581228,1.1034870691111527,0.018587415910691456,1076,16.30991493393636,1.3318975011869403,1.3318745383549127,0.007820981390088303,2388,16.159014437118994,1.727506037517622,1.727505432516646,0.0014457819032688574,9453
SN2015bf,NUV,18.318054641035438,0.8878866874749177,0.8874983920006276,0.0262559325007223,278,17.081640123243847,1.5017597670479894,1.501667684803765,0.01663016356299927,1076,16.769394058627615,1.7179935553705228,1.717973824631577,0.008233721843822655,2388,16.6168681338461,2.06973770477364,2.0697369675496797,0.001746917259209229,9453
SN2017grn,FUV,20.67878779127532,0.8724106353514651,0.871734869440147,0.03433124053274115,192,19.522238027361734,0.1865465719096797,0.18265804814569128,0.037890116638242495,741,19.184086871567445,0.10584385378961567,0.10584205784787712,0.0006165837852013368,1643,16.7468259873146,1.3639808291440643,1.3351584954300424,0.27891843674005196,6485
SN2017grn,NUV,20.241431587722133,0.058693859842602815,0.04166602701014367,0.041338981318037836,192,19.129552003278757,0.6145491453849361,0.6132965201416175,0.03921773164702165,741,18.772991486971925,0.8982877446689258,0.898257763823127,0.007339070367595065,1643,16.261345543794658,2.1922257252847763,2.18422643907571,0.18710556764299874,6485
ASASSN-14az,FUV,18.97993094159923,0.4700604190168015,0.4693830224595653,0.025226489113117475,1100,18.446810963312117,0.9796941866937057,0.9796940055241357,0.0005958032530564845,4332,18.386887294489934,1.2255961185478481,1.2255799909996128,0.006287404944804103,9694,18.156533814526977,1.7899906749549506,1.789970140122282,0.00857402450997538,38592
ASASSN-14az,NUV,18.705111518699912,0.9681261414053518,0.9679587172116288,0.018004095268387366,1100,18.125362422036822,1.4514900335117091,1.4514868546570439,0.0030377856448037164,4332,18.0668414602905,1.6696611308452356,1.669655050368927,0.004506066236427186,9694,17.50735830979732,2.2373784108279438,2.237172910985678,0.030323581431654034,38592
SDSSJ134244,NUV,22.55897688159856,1.0142259921630505,1.0142259921630505,0.0,46,22.131312348229457,0.46965070410909054,0.46783810970126294,0.04122240872770022,178,21.708273449660737,0.11231033573111651,0.1055216298828508,0.03845513150286649,393,19.84133889724239,0.703857656950852,0.7038476423334457,0.003754681077420017,1532
D23H-1,FUV,26.245585173517203,3.712792586758601,3.712792586758601,0.0,4,26.53582725663242,3.234111054776288,3.234111054776288,0.0,11,26.0893024695616,2.8084090716206678,2.8084090716206678,0.0,24,24.11274380878188,1.7996163708017536,1.7996163708017536,0.0,90
D23H-1,NUV,26.32382972855593,2.8716692599596394,2.8716692599596394,0.0,4,25.438476474649946,2.376421525701687,2.376421525701687,0.0,11,25.29918292678231,1.9331629386473446,1.9331629386473446,0.0,24,23.98158177462001,1.2018221638543898,1.2018221638543898,0.0,90
SN2002ig,FUV,24.52309530752361,2.2588308004055286,2.2588308004055286,0.0,15,23.16260348728521,1.644067097224794,1.644067097224794,0.0,46,22.927796229646503,1.4257160286820163,1.4257143503495675,0.00218761242696505,105,22.922797685601278,0.8911348322331837,0.8908888860883761,0.020935182432373956,389
SN2002ig,NUV,24.098566719944678,1.8488299634225183,1.8488299634225183,0.0,15,22.686382448315605,1.0930504183126115,1.0930504183126115,0.0,46,22.08341620093051,0.7187094686877122,0.7185134699592154,0.016783738217135764,105,21.558741136062682,0.19251966705328522,0.192517886479401,0.0008280023020900913,389
SN2018jfz,FUV,24.312664121624756,2.229663548723967,2.229338117203411,0.03809330245994999,46,24.208576786328706,1.5439165735265425,1.5387319611158738,0.1264212713527169,169,nan,1.309019830739404,1.1909769836400939,0.5432372793803475,366,23.449109669231873,0.4398257322910766,0.4373313818328,0.046775391495907696,1434
SN2018jfz,NUV,24.23286208472082,1.6671762234659175,1.6670887152797296,0.017081436621657866,46,23.384074194501515,1.0603933001887846,1.0603614066906277,0.008224249895003448,169,23.072006013389743,0.6626145298428933,0.6624319470553441,0.015554120977550122,366,21.886784747456012,0.07201327477859362,0.0719861411793552,0.0019766695331213135,1434
ASASSN-15lx_B,NUV,18.424909492996324,0.8044085931726153,0.8042107166991374,0.017841185952902794,358,17.681280112571493,1.2796410031200849,1.2795973094628659,0.010574614960919767,1392,17.444401115853573,1.5253409614617264,1.5253102574205721,0.009678187876440172,3102,16.930136683040146,2.049361899183708,2.0493259596888858,0.012136917692825702,12309
SN2014cw,NUV,19.179875056520856,0.5200437174767663,0.5179420527467157,0.046706510077001384,711,18.49866554421486,1.0646675551491767,1.0646564216325827,0.004868969483303002,2803,18.185589854317445,1.3895387666766226,1.3887561819031158,0.046628867915375634,6278,17.61455113669043,1.985352823301434,1.9853357892512888,0.00822416615451795,24969
SN2018fit,FUV,-99,-99,-99,-99,319,-99,-99,-99,-99,1236,nan,1.096827898131672,0.6458692271112599,0.8865012011219414,2765,nan,1.1460798936241756,1.127360011021268,0.20629718398399904,10956
SN2018fit,NUV,-99,-99,-99,-99,319,25.83068002972825,nan,nan,0.5428681023790647,1236,22.056865046612042,0.5499548299915831,0.5487755066311524,0.03599664363233131,2765,20.424165279986372,1.261626630755534,1.2614876699374744,0.018724690312035885,10956
SN2017jne,FUV,25.756610232518256,2.211108341897912,2.211108341897912,0.0,29,25.059587722752855,1.567015413759498,1.567015413759498,0.0,105,nan,1.1654675028207746,1.1653353797635684,0.01754858406231257,227,23.76804716237989,0.4745030951823801,0.4673011724882754,0.08235776544286474,873
SN2017jne,NUV,24.1916901711834,1.4301221794880896,1.4301221794880896,0.0,29,24.73735849072333,0.8910832991013141,0.8910832991013141,0.0,105,23.023164691080492,0.5360264443447691,0.5358867156902106,0.012238340723119082,227,22.601312915206307,0.1704677847072022,0.17046623918136916,0.0007258941667217222,873
PTF10dk,NUV,25.433962811912544,1.9091658708827997,1.9091658708827997,0.0,15,25.702982141475673,1.2836358137564319,1.2836358137564319,0.0,48,22.654927621954865,0.7002589851140198,0.6997770716400741,0.025974915587154535,109,20.9007192171727,0.09870704791688707,0.09713016569108418,0.017573053840729394,409
SN2017vp,FUV,nan,2.7830760987331833,2.7740015248926726,0.22456204317079873,31,24.72933726440239,1.8718279462659886,1.8709914027619883,0.055955618244070984,109,27.245898066805236,1.4341254772015195,1.4084155015807776,0.2703361967355703,235,23.148204330787472,0.599149443748418,0.5979279087386669,0.03823966390337671,912
SN2017vp,NUV,24.51175278041207,1.6346620605845106,1.6339799264250443,0.04721919476659029,31,27.107303970441226,2.170959136855537,1.0833824320125862,1.8813149868916241,109,nan,0.665726958857524,0.6593208469769757,0.09213253763601052,235,23.395183198118175,0.10188630742791896,0.06104868705552504,0.08157130285886688,912
SN2018hfm,FUV,19.774928516220566,0.06296910160194814,0.06193567030343717,0.011361359981111355,851,19.395491567728822,0.41247201775491865,0.41072376598292015,0.0379361765024014,3340,18.99261897674634,0.7605753048985395,0.7599161767733631,0.03165752200759362,7488,18.459803376841716,1.4399194267617206,1.4398333187306869,0.015747058099160334,29778
SN2018hfm,NUV,19.190021177717007,0.7374175741816571,0.7373902361965446,0.006349667232530967,851,19.046602715427,1.0244218186596072,1.024393377099376,0.007633577195033632,3340,18.871377477628677,1.2800280041226284,1.2798220246280017,0.022962504550727868,7488,18.232885839955355,1.893940475948102,1.8938701645549239,0.016319504993391326,29778
SN2017dht,NUV,23.318605646645715,1.619302823322859,1.619302823322859,0.0,9,22.377525994048007,0.970399220144344,0.970399220144344,0.0,35,22.141344313269634,0.7230042596301047,0.7230042596301047,0.0,76,21.865946483990665,0.2604904515923455,0.2604904515923455,0.0,291
SN1997X,FUV,-99,-99,-99,-99,7378,-99,-99,-99,-99,29359,22.08783027778638,6.694011012217823,2.0816128648078984,6.36212789188961,65942,18.496022881751035,2.7278763703044913,2.707800223605325,0.3303444273914086,263211
SN1997X,NUV,-99,-99,-99,-99,7378,25.16932311482134,nan,nan,23.240560185350247,29359,20.52130645029419,3.889517509211687,2.1192129622427527,3.2614847654291723,65942,16.767731966503018,3.0118783037155623,2.948582306992779,0.6142257689821193,263211
SN1988E,FUV,23.650177148190913,1.3208017092235171,0.5465442431612065,1.2024169598583963,8885,22.11499908481734,2.9167118907968947,1.1539120044450026,2.6787488385277394,35363,20.07912012071096,1.7405759482960466,1.518741894649577,0.850310348768551,79389,18.733534366776176,2.5224696220242984,2.153454965567851,1.3135770648525242,317050
SN1988E,NUV,nan,6.857628919457844,0.6909898583692465,6.822727270865765,8885,20.004991100596406,2.2460616588257327,1.5929582277507017,1.5834383663055362,35363,18.605895136378408,2.476961323985247,2.1220804750427904,1.2775413331712255,79389,16.446837006991522,3.2289306114644436,3.0192390918729033,1.144634526719612,317050
SN2011jm,FUV,14.715623142892145,2.134781712087437,2.1347647014472333,0.00852218973463233,5546,14.663172489626987,2.332577353661186,2.33257507880724,0.003257689429533011,22045,14.640195086116242,2.4521587281211983,2.452156441187652,0.003349006252735128,49472,14.543375718450172,2.7068011042643447,2.706789805369514,0.007820971445079044,197494
SN2011jm,NUV,14.565177249562087,2.826369923845542,2.826355950035671,0.008887638416125934,5546,14.506870669404053,3.041777280883684,3.0417757557308893,0.003046038068517635,22045,14.48648285392272,3.152893270382328,3.1528886215779037,0.0054142725049497326,49472,14.258582035752264,3.426434128628461,3.4263885651035073,0.0176702789398023,197494
SN2001X,NUV,15.466611969111757,2.3392023467518706,2.318216046947697,0.3126371358678478,3356,14.551473433729225,2.787526647825017,2.778601856628442,0.22288233369998434,13309,14.14805964710856,3.248344303533052,3.164293871988788,0.7341559820568319,29864,13.135701154230343,3.6919501071062113,3.6916816390929457,0.04452267900281872,119125
SN1998bw,NUV,-99,-99,-99,-99,741,-99,-99,-99,-99,2900,26.59807189881678,6.934554948742487,1.5638873391493227,6.75590917105739,6471,19.995113436608783,2.1683537652900604,2.167944232730239,0.04214089722916213,25751
SN2005hk,FUV,18.96475363782911,0.20478311659410772,0.2036883098201603,0.021147039617930137,330,18.16838360150744,0.7650204528784506,0.7650139989195908,0.0031424161732494585,1293,17.911076226163026,1.1406393387994513,1.1405886803595866,0.010750044298805708,2894,17.4223262322233,1.770362447205454,1.7698692037735178,0.04178751020793183,11472
SN2005hk,NUV,18.770811875749686,0.7715123823100845,0.7709916549558413,0.028341207564867556,330,17.917660781234602,1.2566838639844542,1.2566833557628099,0.0011301980450752688,1293,17.64660997398044,1.5383347647094054,1.5383041131760045,0.009711009181757808,2894,16.83012847789173,2.1458304373381956,2.143487021582275,0.10025793791704654,11472
SN2012Z,FUV,16.290242114463492,1.2613401028578943,1.260756118202507,0.038377929757995845,1080,15.367634193403495,1.7483434709534644,1.7482332963759095,0.01962737547989639,4232,15.200530915403577,1.9016263425229318,1.901620138657138,0.004857451054765261,9465,15.156717474859905,2.2031817980122104,2.2031817168547088,0.0005980045598435865,37702
SN2012Z,NUV,15.953106037205583,2.053868245412004,2.053389744166189,0.04433202076261429,1080,14.953072312812905,2.57644961956965,2.5763741088076713,0.01972545680261277,4232,14.797080570648863,2.711664200541345,2.7116613816225223,0.003909976287037157,9465,14.751669908271616,2.9670638783285734,2.967063813213462,0.0006216119246533106,37702
SN2008ae,NUV,18.11028012982838,0.9803892115692264,0.9802951602777105,0.013579576481884754,69,16.859686723641538,1.6201811427041977,1.6201315627019373,0.012674963954918435,258,16.5926721094798,1.778994913232002,1.7789909518361422,0.003754276291724567,564,16.499606270735725,1.994318731466136,1.9943179947145329,0.0017142445863232245,2222
SN2014dt,NUV,14.223817897130616,2.941590841856882,2.932466627226,0.23150844715052518,2809,13.411796975205435,3.3525467511997937,3.347750020841667,0.17927497576324,11152,12.92616931681805,3.6094590887261315,3.60285024130445,0.21832327388563783,25021,12.270030625818203,4.149443509958555,4.146527752275544,0.1555282673532375,99782
SN2010gx,NUV,26.51755160205095,3.218775801025476,3.218775801025476,0.0,1,24.981027583224744,2.1170907447649325,2.1170907447649325,0.0,9,24.73859030526668,1.9143927261327478,1.9143927261327478,0.0,18,24.204790288566944,1.2393223194772804,1.2393223194772804,0.0,65
SN2012il,NUV,nan,3.1607132672368854,3.1607132672368854,0.0,4,28.051899133020626,2.0644967085674457,2.0644967085674457,0.0,15,24.65906929915927,1.6258662414997134,1.6258662414997134,0.0,25,23.352023929973605,0.9624127209714641,0.9624127209714641,0.0,95
SN2012ec,FUV,14.230239419302258,2.3086236002853373,2.3084241194604287,0.030348187553431723,2565,13.874004833147529,2.5751484608497295,2.575134330695298,0.008530784911786413,10158,13.813410196977419,2.734287252209802,2.7342843576537175,0.00397857854359697,22771,13.756341137743092,3.0374534654659335,3.0374527582483726,0.002072747057260069,90818
SN2012ec,NUV,13.62947465862852,3.2321861477146387,3.232065642762248,0.027910112043013788,2565,13.309157079829344,3.4286764993433403,3.4286691643985927,0.007092126025234058,10158,13.25639997205334,3.5376328715713377,3.5376310047310184,0.0036343345844085124,22771,13.206183197667414,3.754774365034935,3.75476493840049,0.008413660431851731,90818
